░▒▓▒▓││┤╡╢╖╕╣║╗╝╜╛┐└┴┬├─┼╞╟╚╔╩╦╠═╬╧╨╤╥╙╘╒╓╫╫╪┘┌ ▄▌▐▀
=============================================================================

					 ^1 ┌───────────┐   	
					 ^1 │   ┌───┐  	│   	
					 ^1 ┌───┐   ┌───┐   	
					    │   ┌───────┐  		 ^┌──┬──┬──┐
					    ┌───────┐  	│   	 ^│┌──┬──┬──┐   	[ a   b  c  ]
abcdefgh	abcd	[ 012 01│ 01│   │ ] 	[ 01 01 01 ││ ] ^	[ 012 01 01 ]
=============================================================================
01234567	0123	[ 000 001 010 011 ] 	[ 00 00 01 01 ] 00	[ 000 00 01 ]
10325476	1032	[ 001 000 011 010 ] 	[ 00 00 01 01 ] 00	[ 001 00 01 ]
32107654	3210	[ 011 010 001 000 ] 	[ 01 01 00 00 ] 00	[ 011 01 00 ]
76543210	7654	[ 111 110 101 100 ] 	[ 11 11 10 10 ] 00	[ 111 11 10 ]
23016745	2301	[ 010 011 000 001 ] 	[ 01 01 00 00 ] 00	[ 010 01 00 ]
45670123	4567	[ 100 101 110 111 ] 	[ 10 10 11 11 ] 00	[ 100 10 11 ]
67452301	6745	[ 110 111 100 101 ] 	[ 11 11 10 10 ] 00	[ 110 11 10 ]
54761032	5476	[ 101 100 111 110 ] 	[ 10 10 11 11 ] 00	[ 101 10 11 ]
30125674	3012	[ 011 000 001 010 ] 	[ 01 00 00 01 ] 01	[ 011 00 00 ]
12307456	1230	[ 001 010 011 000 ] 	[ 00 01 01 00 ] 01	[ 001 01 01 ]
76103254	7610	[ 111 110 001 000 ] 	[ 11 11 00 00 ] 00	[ 111 11 00 ]
32547610	3254	[ 011 010 101 100 ] 	[ 01 01 10 10 ] 00	[ 011 01 10 ]
16523470	1652	[ 001 110 101 010 ] 	[ 00 11 10 01 ] 11	[ 001 11 10 ]
70345216	7034	[ 111 000 011 100 ] 	[ 11 00 01 10 ] 11	[ 111 00 01 ]
07612543	0761	[ 000 111 110 001 ] 	[ 00 11 11 00 ] 11	[ 000 11 11 ]
03476521	0347	[ 000 011 100 111 ] 	[ 00 01 10 11 ] 01	[ 000 01 10 ]
21654703	2165	[ 010 001 110 101 ] 	[ 01 00 11 10 ] 01	[ 010 00 11 ]
61074325	6107	[ 110 001 000 111 ] 	[ 11 00 00 11 ] 11	[ 110 00 00 ]
47032165	4703	[ 100 111 000 011 ] 	[ 10 11 00 01 ] 01	[ 100 11 00 ]
25430761	2543	[ 010 101 100 011 ] 	[ 01 10 10 01 ] 11	[ 010 10 10 ]
43256107	4325	[ 100 011 010 101 ] 	[ 10 01 01 10 ] 11	[ 100 01 01 ]
65210347	6521	[ 110 101 010 001 ] 	[ 11 10 01 00 ] 01	[ 110 10 01 ]
56743012	5674	[ 101 110 111 100 ] 	[ 10 11 11 10 ] 01	[ 101 11 11 ]
74561230	7456	[ 111 100 101 110 ] 	[ 11 10 10 11 ] 01	[ 111 10 10 ]
54321076	5432	[ 101 100 011 010 ] 	[ 10 10 01 01 ] 00	[ 101 10 01 ]
10765432	1076	[ 001 000 111 110 ] 	[ 00 00 11 11 ] 00	[ 001 00 11 ]
52167034	5216	[ 101 010 001 110 ] 	[ 10 01 00 11 ] 11	[ 101 01 00 ]
34701652	3470	[ 011 100 111 000 ] 	[ 01 10 11 00 ] 11	[ 011 10 11 ]
21034765	2103	[ 010 001 000 011 ] 	[ 01 00 00 01 ] 01	[ 010 00 00 ]
03216547	0321	[ 000 011 010 001 ] 	[ 00 01 01 00 ] 01	[ 000 01 01 ]
45230167	4523	[ 100 101 010 011 ] 	[ 10 10 01 01 ] 00	[ 100 10 01 ]
01674523	0167	[ 000 001 110 111 ] 	[ 00 00 11 11 ] 00	[ 000 00 11 ]
61254307	6125	[ 110 001 010 101 ] 	[ 11 00 01 10 ] 11	[ 110 00 01 ]
07432561	0743	[ 000 111 100 011 ] 	[ 00 11 10 01 ] 11	[ 000 11 10 ]
67012345	6701	[ 110 111 000 001 ] 	[ 11 11 00 00 ] 00	[ 110 11 00 ]
23456701	2345	[ 010 011 100 101 ] 	[ 01 01 10 10 ] 00	[ 010 01 10 ]
47652103	4765	[ 100 111 110 101 ] 	[ 10 11 11 10 ] 01	[ 100 11 11 ]
65470321	6547	[ 110 101 100 111 ] 	[ 11 10 10 11 ] 01	[ 110 10 10 ]
25610743	2561	[ 010 101 110 001 ] 	[ 01 10 11 00 ] 11	[ 010 10 11 ]
43076125	4307	[ 100 011 000 111 ] 	[ 10 01 00 11 ] 11	[ 100 01 00 ]
16703452	1670	[ 001 110 111 000 ] 	[ 00 11 11 00 ] 11	[ 001 11 11 ]
12567430	1256	[ 001 010 101 110 ] 	[ 00 01 10 11 ] 01	[ 001 01 10 ]
30745612	3074	[ 011 000 111 100 ] 	[ 01 00 11 10 ] 01	[ 011 00 11 ]
70165234	7016	[ 111 000 001 110 ] 	[ 11 00 00 11 ] 11	[ 111 00 00 ]
56123074	5612	[ 101 110 001 010 ] 	[ 10 11 00 01 ] 01	[ 101 11 00 ]
34521670	3452	[ 011 100 101 010 ] 	[ 01 10 10 01 ] 11	[ 011 10 10 ]
52347016	5234	[ 101 010 011 100 ] 	[ 10 01 01 10 ] 11	[ 101 01 01 ]
74301256	7430	[ 111 100 011 000 ] 	[ 11 10 01 00 ] 01	[ 111 10 01 ]
=============================================================================

e == b ^ 5
f == a ^ 5
g == d ^ 5
h == c ^ 5

d == a ^ b ^ c

c[2] == a[2]
b[2] == a[2] ^ 1
